{
 "cells": [
  {
   "cell_type": "code",
   "execution_count": 1,
   "metadata": {},
   "outputs": [],
   "source": [
    "# 3 Copmuting the determinand with numpy, Inversation, Transmutation"
   ]
  },
  {
   "cell_type": "code",
   "execution_count": null,
   "metadata": {},
   "outputs": [],
   "source": [
    "# Python Data Science Handbook: p 58 - 128"
   ]
  },
  {
   "cell_type": "code",
   "execution_count": 3,
   "metadata": {},
   "outputs": [],
   "source": [
    "# So, finding the determinant in numpy is a very easy task, let's look how to do that."
   ]
  },
  {
   "cell_type": "code",
   "execution_count": 1,
   "metadata": {},
   "outputs": [],
   "source": [
    "import numpy as np"
   ]
  },
  {
   "cell_type": "code",
   "execution_count": 2,
   "metadata": {},
   "outputs": [],
   "source": [
    "matrix = np.random.random((4, 4))"
   ]
  },
  {
   "cell_type": "code",
   "execution_count": 3,
   "metadata": {},
   "outputs": [
    {
     "data": {
      "text/plain": [
       "array([[0.45904312, 0.12720518, 0.90875149, 0.55226184],\n",
       "       [0.62759372, 0.29598661, 0.88919016, 0.01855239],\n",
       "       [0.05667402, 0.66335804, 0.13766663, 0.87011566],\n",
       "       [0.09330723, 0.33371825, 0.7015403 , 0.57197272]])"
      ]
     },
     "execution_count": 3,
     "metadata": {},
     "output_type": "execute_result"
    }
   ],
   "source": [
    "matrix"
   ]
  },
  {
   "cell_type": "code",
   "execution_count": 11,
   "metadata": {},
   "outputs": [],
   "source": [
    "# The determinant function in numpy is stored in a special submodule, named linalg\n",
    "# it stores all function related to linear algebra"
   ]
  },
  {
   "cell_type": "code",
   "execution_count": 4,
   "metadata": {},
   "outputs": [
    {
     "data": {
      "text/plain": [
       "-0.12483488287994002"
      ]
     },
     "execution_count": 4,
     "metadata": {},
     "output_type": "execute_result"
    }
   ],
   "source": [
    "np.linalg.det(matrix)"
   ]
  },
  {
   "cell_type": "code",
   "execution_count": 13,
   "metadata": {},
   "outputs": [],
   "source": [
    "# As you see it is very simple."
   ]
  },
  {
   "cell_type": "code",
   "execution_count": 14,
   "metadata": {},
   "outputs": [],
   "source": [
    "# Next let's see how to calcutate the inverse of a matrix."
   ]
  },
  {
   "cell_type": "code",
   "execution_count": 5,
   "metadata": {},
   "outputs": [
    {
     "data": {
      "text/plain": [
       "array([[ 1.83258325,  0.66551473,  1.07649617, -3.42864055],\n",
       "       [-2.32156126,  1.48098587,  0.80253394,  0.97266266],\n",
       "       [-0.55693719,  0.18699626, -1.04012005,  2.11396564],\n",
       "       [ 1.73866327, -1.20200621,  0.63188509, -0.85268123]])"
      ]
     },
     "execution_count": 5,
     "metadata": {},
     "output_type": "execute_result"
    }
   ],
   "source": [
    "np.linalg.inv(matrix)"
   ]
  },
  {
   "cell_type": "code",
   "execution_count": 16,
   "metadata": {},
   "outputs": [],
   "source": [
    "# And the Transpose of the matrix."
   ]
  },
  {
   "cell_type": "code",
   "execution_count": 17,
   "metadata": {},
   "outputs": [
    {
     "data": {
      "text/plain": [
       "array([[0.75190875, 0.46332178, 0.83469728, 0.73011852],\n",
       "       [0.88232505, 0.48904152, 0.12434692, 0.96606518],\n",
       "       [0.061924  , 0.66219779, 0.31473953, 0.06137767],\n",
       "       [0.22234182, 0.77498191, 0.70661784, 0.6370885 ]])"
      ]
     },
     "execution_count": 17,
     "metadata": {},
     "output_type": "execute_result"
    }
   ],
   "source": [
    "matrix.T"
   ]
  },
  {
   "cell_type": "code",
   "execution_count": 18,
   "metadata": {},
   "outputs": [],
   "source": [
    "# We can find the Transpose of the matrix even if it isn't square"
   ]
  },
  {
   "cell_type": "code",
   "execution_count": 19,
   "metadata": {},
   "outputs": [],
   "source": [
    "matrix = np.random.random((3, 4))"
   ]
  },
  {
   "cell_type": "code",
   "execution_count": 20,
   "metadata": {},
   "outputs": [
    {
     "data": {
      "text/plain": [
       "array([[0.59241907, 0.147951  , 0.07066675, 0.70429706],\n",
       "       [0.8878579 , 0.13505785, 0.06201879, 0.32860178],\n",
       "       [0.09644889, 0.06541188, 0.9075991 , 0.38730681]])"
      ]
     },
     "execution_count": 20,
     "metadata": {},
     "output_type": "execute_result"
    }
   ],
   "source": [
    "matrix"
   ]
  },
  {
   "cell_type": "code",
   "execution_count": 21,
   "metadata": {},
   "outputs": [
    {
     "data": {
      "text/plain": [
       "array([[0.59241907, 0.8878579 , 0.09644889],\n",
       "       [0.147951  , 0.13505785, 0.06541188],\n",
       "       [0.07066675, 0.06201879, 0.9075991 ],\n",
       "       [0.70429706, 0.32860178, 0.38730681]])"
      ]
     },
     "execution_count": 21,
     "metadata": {},
     "output_type": "execute_result"
    }
   ],
   "source": [
    "matrix.T"
   ]
  },
  {
   "cell_type": "code",
   "execution_count": null,
   "metadata": {},
   "outputs": [],
   "source": []
  }
 ],
 "metadata": {
  "kernelspec": {
   "display_name": "Python 3",
   "language": "python",
   "name": "python3"
  },
  "language_info": {
   "codemirror_mode": {
    "name": "ipython",
    "version": 3
   },
   "file_extension": ".py",
   "mimetype": "text/x-python",
   "name": "python",
   "nbconvert_exporter": "python",
   "pygments_lexer": "ipython3",
   "version": "3.8.3"
  }
 },
 "nbformat": 4,
 "nbformat_minor": 4
}
